   2.0000000e+00  -2.0512882e-01   1.4003629e+00  -7.9777135e-01   1.0444546e+00  -3.4516107e-01  -1.1140505e+00   2.6061659e-01   2.5625642e-01  -4.2338110e-01  -3.6436451e-01
   2.0000000e+00   1.1383618e+00   5.8965979e-01  -1.1990361e+00   3.1625149e-01  -8.2164201e-01  -1.1592639e+00   8.1085689e-01  -1.8725345e-02   1.9951670e+00   1.1654619e-01
   2.0000000e+00  -1.0748979e+00  -9.0274410e-01  -1.9177445e+00   8.7279591e-02  -1.8710955e+00  -3.3117300e-01  -1.0852549e+00  -2.9743057e-01   1.2204516e+00  -7.7343281e-01
   2.0000000e+00  -7.6962188e-01  -1.7905198e-02   4.2892270e-01  -2.2708496e-01  -8.7764310e-01   9.5635514e-01   7.1391971e-01   1.7853242e+00   7.9060339e-01  -1.0134359e+00
   2.0000000e+00  -3.5531135e-01   7.8520055e-01  -2.8702378e-01  -6.0979429e-01  -4.8144539e-01  -9.6960789e-01   5.6423243e-01  -9.7669222e-01   6.9382629e-01   3.0182738e-01
   2.0000000e+00   2.2096288e-01   7.7549197e-01   8.8073825e-01   7.2261898e-01   1.0372756e+00   6.5577121e-01   2.1045500e+00  -1.2092124e-01   5.5294519e-01  -4.7943344e-01
   1.0000000e+00   1.1364328e+00  -6.4543375e-01   5.1004443e-01   1.1635372e+00   3.4889434e-01   3.8709617e-01   7.0558230e-01   1.1275180e+00   9.9298837e-01  -1.3232437e+00
   2.0000000e+00   8.7176744e-01   4.6358918e-01   1.2602133e+00  -3.8273929e-01   9.6585051e-01  -2.7084871e-01   6.6966199e-01  -2.0614732e+00   9.5890316e-01  -1.0475019e+00
   2.0000000e+00   1.0555768e+00   1.1733391e+00  -1.4124654e+00   8.8311576e-01  -1.8778479e+00  -9.8657966e-01  -3.5888762e-01  -8.8637073e-01   1.0892949e+00  -9.2645719e-01
   2.0000000e+00   5.8954043e-01  -1.9965785e-02   3.4470704e-01  -7.0424032e-02   5.8039760e-01   1.4995404e+00  -7.4426736e-01   1.5073759e+00   2.2541454e+00  -8.3248593e-01
   2.0000000e+00  -9.0313260e-01  -6.6388216e-01   1.2781178e+00   5.0226173e-02   1.7726023e+00   5.3297054e-03   1.2681900e-01   7.7332197e-01   6.8016915e-01  -4.9452011e-01
   1.0000000e+00  -1.1802482e+00  -3.1701953e+00   1.8970935e-01  -4.4023199e-02  -1.4035695e-01  -5.8118551e-01  -1.8329506e+00   1.0943164e+00   1.6403037e+00   1.8199999e+00
   2.0000000e+00   7.6996041e-01  -2.2445347e-01   1.0396267e-01   7.7525115e-01  -2.0153407e+00   1.4254403e+00   2.9255493e-01   5.0087226e-01   6.3835885e-01  -1.7231512e-01
   2.0000000e+00   5.5365287e-01   6.8352961e-02   1.8468386e+00   1.6853126e+00  -1.0123456e+00   4.1682957e-01  -7.0389630e-01  -2.1939906e+00  -7.1670247e-01  -1.4563329e+00
   2.0000000e+00  -3.4514584e-01  -3.5024211e-01   1.4239572e-01   3.9692694e-01  -4.9474284e-01  -1.2293497e+00   1.8588447e+00  -6.3858761e-01  -1.1949351e+00  -1.3451620e-01
   2.0000000e+00  -1.6511541e+00   1.3761395e+00  -1.2716787e+00  -5.4008632e-01  -1.1050572e+00   2.8807106e-01  -5.6200048e-01  -1.3508258e+00   2.9174181e+00   5.6083553e-01
   2.0000000e+00   2.4866775e+00  -1.4894427e+00  -1.6845621e-01   5.4685815e-01   2.4565016e-01  -7.8773557e-01  -7.4354335e-01  -6.6155319e-01  -6.4607989e-01  -5.8547231e-01
   2.0000000e+00   6.8126223e-01   4.2426876e-01   1.6809212e+00   1.5403579e-01   2.0728499e+00   2.4372372e-01  -2.2497147e-01   1.6544623e+00   1.2298734e+00   6.7576397e-01
   2.0000000e+00  -2.4407440e-01   1.0567626e-01   1.5522337e+00  -1.2114979e-01   1.4156178e+00  -1.0958056e+00  -1.0989327e+00  -4.4815065e-01   6.0254361e-01   2.7371262e-01
   2.0000000e+00   3.3172185e-02  -1.9913871e-01   1.5069178e+00  -4.0609657e-01  -1.2916338e+00  -3.6913832e-01  -4.4359535e-02   2.8338069e+00  -1.4394008e+00   8.7949655e-02
   2.0000000e+00  -1.6821949e+00   4.3091394e-03  -9.1205999e-01   7.1250538e-01  -1.9533706e+00  -6.2695711e-01   1.2498912e+00  -3.4712323e-01   3.9770594e-01  -1.2805051e-01
   2.0000000e+00  -2.4943924e+00  -9.8082392e-01  -5.3104561e-01  -1.0567650e+00  -1.9317028e-01   1.9791513e+00  -1.3079005e+00  -8.0559845e-01  -1.3837461e+00  -1.9347193e+00
   2.0000000e+00   7.9495767e-01  -1.2978899e+00   1.1040221e+00   1.7619959e-01  -1.9206423e+00  -6.7134755e-01  -1.4750919e+00   9.8916069e-01   1.1495152e+00  -5.6148993e-01
   2.0000000e+00  -1.1621485e+00  -2.4944776e-01  -1.1485309e+00   8.1683730e-02  -1.0365041e+00  -4.5231161e-01   2.9747621e-01   1.3177499e+00  -2.8609433e-01  -2.5483374e+00
   2.0000000e+00   7.3117476e-01  -1.7262046e+00   2.5764118e+00   1.4374975e+00   6.5578475e-01  -5.9647946e-01  -9.1264355e-01  -6.2866070e-01  -5.1439389e-02  -1.2718911e-01
   2.0000000e+00   2.6899831e-02   2.4311906e-01  -6.8156876e-02   1.9183408e+00   8.2459348e-01   1.5521079e-01  -3.1868517e-01  -1.9149736e-01   1.9090353e+00  -2.1380817e-01
   1.0000000e+00  -1.3026765e+00   8.5915551e-01   3.1285982e-01  -1.8548780e+00  -5.6802767e-01   6.9098511e-02  -1.3900839e+00  -4.6260975e-02   1.9246711e-01   1.0915392e+00
   2.0000000e+00   2.4349123e-01  -8.0966361e-01   2.9401103e-01   8.6287320e-01   2.9550275e+00   2.2235448e+00   2.6140902e-01   1.0904703e+00  -2.0710031e-01  -2.1110431e-01
   2.0000000e+00  -6.1714509e-01   1.4153924e+00  -6.0312648e-01   1.6725535e+00   2.3677508e-01   1.5133654e+00   2.8301238e+00   2.2694890e-01  -1.4445199e+00  -2.0657331e+00
   2.0000000e+00   7.9524762e-01   5.1406153e-01  -1.6470676e-01  -6.2897094e-01   2.4174323e-01   1.3900925e-01   1.1237823e+00  -1.7113001e+00  -1.0372473e+00   1.2463772e+00
   2.0000000e+00   6.3348536e-01  -6.0152451e-01  -1.2197576e+00   3.7219736e-01  -1.5355278e+00   4.7743712e-01  -1.6419348e-01  -1.3458796e+00  -1.7613299e+00   1.3615306e+00
   2.0000000e+00  -7.7085948e-01   2.0892675e-01  -1.0857726e+00  -4.2241016e-01   1.6509333e+00   1.5847084e+00   1.4239018e-01   1.5472724e+00  -4.6618936e-01   1.2517173e+00
   2.0000000e+00  -3.2861701e-01   1.7328613e-01   1.1724149e+00  -5.9807417e-01   1.7158951e-01  -1.1353305e+00  -6.7880517e-01  -5.8988251e-02  -6.8946847e-01   4.7970550e-01
   1.0000000e+00  -3.5164924e-01  -1.3899565e+00   3.8755265e-01   1.3428558e+00  -9.7780866e-01  -1.0951983e-01  -1.0771681e+00  -2.6777906e-01  -1.1778741e+00   4.3956967e-01
   2.0000000e+00   3.2907782e-01  -9.3922397e-02  -1.0767208e+00  -6.6063843e-01   4.9477983e-02   1.7968135e+00  -8.7680988e-01   1.6332474e+00   7.3058830e-01  -7.1255668e-01
   2.0000000e+00  -3.2854813e-02  -3.2717253e-01   2.0416273e+00   8.1966023e-01   3.2220641e-02  -4.7183201e-02   1.0971477e+00  -5.4671646e-01  -1.3892814e+00   1.8222741e+00
   2.0000000e+00  -7.4208329e-01   8.9515546e-01  -4.8597234e-01  -3.6912558e-02   1.4797168e+00  -4.5865726e-01   5.9674528e-01  -3.0318951e+00   8.4876462e-01   1.2652845e+00
   2.0000000e+00   8.2635177e-02   1.7143617e+00  -1.6155218e+00   1.4748195e+00   3.5408685e-01   4.9548353e-01  -9.2394270e-01   7.0848264e-01   5.8265328e-01   5.0857040e-01
   2.0000000e+00  -8.0681463e-01  -1.2459477e+00  -1.6768997e+00   5.2387993e-01   3.4891613e-01  -7.3334086e-01   3.3136360e-01   1.1791631e+00  -3.7279548e-02  -3.8039961e-01
   2.0000000e+00   1.6189459e+00  -2.0004641e-01  -5.8285653e-01   5.3733662e-01   3.5722513e-01   8.7085014e-01   5.9356232e-01   1.2316893e+00  -1.9654027e+00  -6.9420571e-02
   2.0000000e+00  -9.7659974e-01  -2.2928990e-02   9.9211551e-01   1.9967505e-01   5.8137398e-01   8.9794176e-01   1.0432549e-01  -3.0834648e-01   1.5618751e+00   6.7453102e-01
   2.0000000e+00  -6.3772621e-01   1.0239817e-01  -1.3341930e+00  -2.6580792e+00   3.3864760e-01  -2.3957821e-02   1.1897234e-01  -1.8319801e-02  -5.7397385e-01   7.5619920e-01
   2.0000000e+00   4.2074933e-01  -9.7952282e-03   9.7803924e-01   7.8570292e-01   6.6611840e-02  -7.1351576e-02   2.7396538e+00   2.8307176e-02   1.5696924e-02   9.0218522e-02
   2.0000000e+00  -2.8291652e-01  -7.0637023e-01  -1.1149142e+00   1.1376193e+00  -3.7247094e-01  -9.2842267e-02   2.6375547e-01  -5.1268622e-01  -3.7052808e-01   8.9298542e-01
   2.0000000e+00  -1.3563352e+00  -2.8829319e-01  -4.1362361e-01  -7.1601896e-01  -1.3770492e+00  -6.1524456e-01  -2.7726010e+00   3.4737039e-01  -1.3741913e-01  -6.9406505e-01
   2.0000000e+00  -1.1009616e+00   8.9038894e-01  -8.9558406e-01  -1.3433516e+00  -6.0768931e-01   1.4705442e+00  -4.6662988e-01   2.5628188e+00  -4.7811326e-01   9.2497004e-01
   2.0000000e+00  -7.7801734e-01   2.0000893e-02  -1.1655287e+00  -2.3406282e+00  -1.1333642e+00   8.4380464e-02   3.2024470e-01   7.7974118e-01   3.1501160e-01   1.1678181e+00
   2.0000000e+00   1.0919043e+00   1.1816357e+00  -2.0282408e+00   2.7001759e+00   5.7169730e-01   2.1686677e-01   1.4221406e+00   1.0249099e+00   5.3022063e-01  -8.0167433e-01
   1.0000000e+00  -2.7404043e-02   5.3705168e-01   5.5450280e-01   1.4666401e+00   8.0503744e-02  -4.9302524e-02  -8.2993380e-01   1.1278353e+00   4.8292564e-01   7.0111680e-01
   1.0000000e+00  -1.1160830e+00  -4.8967264e-01   4.8829897e-01  -8.6581049e-01  -1.1904304e+00  -4.7297250e-01  -1.2908580e+00  -1.4197385e-02  -7.2905914e-01  -2.8527390e-01
   2.0000000e+00  -1.9330218e-01  -9.2010160e-01  -5.8317230e-01   1.0940659e+00  -1.2911812e+00  -2.6061327e-01   1.0746721e+00  -1.1629992e+00   1.7025054e+00   7.4676713e-01
   2.0000000e+00  -3.0525706e-02  -5.3590140e-01   1.5725763e-01  -6.8719283e-01  -2.1212362e-01   9.3009463e-01  -3.4853862e-02  -1.3695821e-01  -8.0311075e-02  -1.2087832e+00
   2.0000000e+00  -1.8499438e-01   5.8193260e-01   8.1313933e-01  -8.0522913e-01   1.0417811e+00   2.1380011e+00  -1.0084798e-01   5.1949504e-02   2.9715266e-02  -2.8086703e+00
   2.0000000e+00   8.8039997e-01  -8.8188429e-01  -7.1796869e-01  -2.4767644e+00  -2.7353989e-01  -7.8932185e-01   5.8570220e-01  -1.6907230e-01  -4.9474215e-01   6.5308168e-02
   1.0000000e+00  -1.0477765e-01  -6.2781964e-01   6.7705547e-01   3.0722235e-02   8.4538544e-01  -1.4237617e-01   3.3502299e-01  -1.0009361e+00   8.7216092e-01  -7.0905217e-01
   1.0000000e+00  -1.1062078e+00  -7.4455511e-01   7.7380190e-01  -5.8561306e-03  -5.3314476e-01  -3.5173519e-01   6.2326330e-01   2.2422586e-01   1.0962120e+00  -9.6743259e-01
   2.0000000e+00  -1.2039456e+00  -5.7942140e-01  -1.3628260e-01   1.5196283e+00  -4.2314450e-01  -9.8333834e-01   2.9822095e-01   2.1102753e-02   1.3036431e+00  -1.9451244e-01
   2.0000000e+00  -8.8415334e-01   3.9090153e-01  -1.3626161e-01  -1.2539167e+00   8.9310120e-01   8.2931554e-01   2.2964445e-01   9.6104807e-01   4.8146105e-01  -1.3626874e-01
   2.0000000e+00  -1.5482408e+00   6.1761626e-02  -2.5287167e-01   9.5933399e-01   2.0105309e+00  -1.2355302e+00   1.2203422e+00  -1.6849121e-01  -9.9037627e-01  -7.5837836e-01
   2.0000000e+00  -8.4480812e-01  -7.2868503e-01   1.4941271e+00  -1.2052662e+00  -4.5140774e-01  -3.9582496e-02  -4.9220180e-01  -9.4429401e-01   6.4166450e-01   1.9585968e-01
   2.0000000e+00  -3.4819613e-01  -4.2162257e-01   2.0522599e-01  -3.5548161e-02   1.6374348e+00  -2.4038934e+00   4.2864300e-02  -7.5693124e-01   1.7892576e+00  -3.1308471e-01
   1.0000000e+00   5.0257309e-01  -3.4295577e-01   5.8505643e-01   3.6518590e-01   8.2109966e-03  -3.6066958e-01   1.6146014e+00   5.2206216e-02   1.4241894e-01  -1.9217842e+00
   2.0000000e+00  -8.9062850e-01  -1.6432982e+00   2.5900499e-01   6.0324722e-01  -9.3281441e-02   1.1003453e+00   7.0901641e-02   9.0851493e-01   1.7506964e+00   7.7671982e-02
   1.0000000e+00  -1.5943134e+00  -1.7098122e+00   6.8382238e-01  -5.0973690e-01  -7.6265833e-02   2.2933100e-01   2.9453294e-01  -4.3857949e-01  -1.3746964e+00  -6.2114726e-01
   1.0000000e+00  -1.2599375e+00  -4.6519053e-03   4.3506639e-01   8.3115666e-01   9.0710524e-02  -3.0155480e-02   2.7723758e-01   4.9040882e-01   7.8746109e-01  -1.7410941e+00
   2.0000000e+00   9.9351638e-01  -2.8105354e-01  -3.7576256e-01  -5.9438461e-01   3.5932616e-01   7.9807041e-01   2.0148515e+00   7.4804831e-02   4.7793164e-01  -6.6702528e-02
   1.0000000e+00  -7.1236332e-02  -6.3226972e-01   6.1701995e-02   6.9727338e-02   6.5780794e-01  -1.6804447e-01   6.7651812e-01   5.5796717e-01  -2.7495737e-01  -1.7342861e+00
   1.0000000e+00  -1.5908560e+00  -6.1814520e-01   3.8921290e-01   8.4550100e-01  -4.2824368e-01   3.6210497e-02  -3.4177380e-01   2.1461415e-01  -6.9631968e-01  -1.6600178e+00
   2.0000000e+00   8.6102483e-01   7.8160103e-01   5.9912866e-01   7.2082961e-01  -9.1243470e-01  -1.2263101e+00  -7.0004238e-01  -1.3772559e+00   3.7780313e-01  -2.0149186e+00
   1.0000000e+00  -1.1669188e+00  -1.2781833e-01   3.0152642e-01   3.8807232e-01   7.1654328e-02  -6.7870481e-01  -1.5066864e+00   6.5455223e-01  -1.4695313e+00   1.7007519e+00
   2.0000000e+00   8.7398561e-01  -9.5892769e-01   2.4470010e+00   5.0715469e-01   2.7370858e-01   1.4663250e+00   2.0875280e+00   3.8100498e-01   2.2122497e+00  -1.3944377e+00
   2.0000000e+00   5.4753453e-01   5.9769084e-01  -8.6615822e-02   9.0860649e-01  -2.3118482e-01  -1.4747962e+00  -1.6970736e+00   2.2263717e+00  -3.0483636e-01  -2.7149637e+00
   2.0000000e+00   8.4122940e-01  -1.7135084e+00  -9.1056673e-01  -4.7337146e-01  -5.3866853e-01  -5.6358098e-01  -1.5123579e+00   7.6863766e-01  -3.0085442e-02   7.7213191e-01
   2.0000000e+00  -9.0257893e-01  -2.5816917e+00   8.9356134e-01  -4.3924928e-01  -9.3504386e-01   4.2067618e-01   2.8768405e-01  -9.2055414e-01   5.7703628e-01  -6.7898459e-01
   2.0000000e+00  -2.2862626e-01   9.5552398e-01  -6.1360714e-01   1.5198832e+00   4.3770569e-01   3.4236987e-01  -6.7799906e-01  -8.4423851e-02   1.0132499e+00  -1.2264529e+00
   2.0000000e+00  -2.6736514e+00  -7.9300163e-01  -4.5727551e-01   1.5543165e+00  -1.9206339e+00  -1.4579972e+00   5.6790383e-01  -2.5314308e-01   1.4325893e+00   2.5384054e-01
   2.0000000e+00  -4.7128087e-02  -1.1812621e+00   9.1880450e-01  -1.2378332e-01   3.8271519e-01   1.1436923e+00   1.3553498e+00   3.8875789e-01   1.2278350e-01  -9.8554863e-01
   2.0000000e+00  -1.3317842e-01  -1.3136712e+00  -1.3908092e+00  -9.7519365e-01  -1.7989004e-01   1.8731587e-01   8.9532982e-01   6.2899572e-01   1.0655912e+00   1.7518879e+00
   1.0000000e+00   1.8089624e-01   9.9688752e-01   2.6610657e-01  -3.6436250e-01   9.2953803e-01  -7.2237940e-01  -4.8021889e-01  -2.7752094e+00   1.1601764e+00  -9.7410277e-01
   2.0000000e+00  -3.4801521e-01   2.3459987e+00  -3.8908033e-01  -3.7432414e-01   9.9722147e-03  -1.4382038e-01   9.6333790e-02   4.8714967e-01   3.5751518e-01  -1.5234871e+00
   2.0000000e+00   4.1309816e-01  -6.9802320e-01  -5.2426009e-02  -7.4293599e-01  -2.0938033e+00  -2.9451606e-01  -5.7974991e-01   1.4422237e-01   1.1324879e+00   6.3219845e-01
   2.0000000e+00  -6.9761724e-01   1.7796837e+00  -5.2177816e-01   5.8619797e-01  -5.8053100e-01   5.6060458e-01  -1.7372644e-01  -1.0360670e+00  -6.4066357e-01  -1.4042722e+00
   1.0000000e+00  -3.6618294e-01  -1.6323508e+00   2.4503614e-02  -1.2280101e+00  -5.1961138e-01   6.7737373e-01   9.2215492e-01  -1.9155636e-01   4.0133960e-01   1.3031972e+00
   2.0000000e+00  -2.5566155e-01   1.1867386e+00   1.7593951e+00  -6.4858249e-01   4.1397257e-01   1.7169920e-01   2.0451672e-01  -1.4475121e+00   9.1801813e-01   2.0082790e+00
   2.0000000e+00   5.3932664e-01  -8.3740999e-01   4.7722519e-01   1.9348349e+00  -4.9412011e-01   1.9044722e+00  -3.7397028e-01   3.4754124e-01  -1.5883901e-01   2.5603651e-01
   2.0000000e+00   1.2968466e+00   1.6993260e-01  -3.1201193e-01  -1.0489562e+00   9.2514688e-02  -2.8862528e-01  -1.4271539e-01  -1.0308535e+00   1.2148226e+00   1.7567046e+00
   2.0000000e+00   1.8185118e+00  -1.0854418e+00   1.5185843e+00   6.8296761e-01  -4.2492812e-01   4.6978961e-01   1.1596210e-01   3.8208809e-01   2.8919609e-01   4.9098170e-01
   2.0000000e+00  -1.0451628e+00  -2.9200035e-01   7.9872904e-01   4.7711389e-01   1.9189774e-01  -1.6360426e+00   8.1297215e-01  -1.8639283e+00  -1.6710414e+00  -6.2037366e-01
   2.0000000e+00   1.6104089e+00   2.0832658e-02  -1.3681827e+00  -1.6509889e-02   2.9815124e-01   5.1092854e-01  -2.5495905e-01  -1.2620414e+00  -3.6077206e-01  -5.1973301e-01
   2.0000000e+00  -1.2614227e-02  -3.4080172e-01   9.4597097e-01   5.4735826e-03  -7.1905408e-01   1.1216342e+00   2.7605544e+00  -7.1350266e-01   7.9468248e-01   8.7243692e-01
   2.0000000e+00  -1.1219091e+00  -7.2929134e-01  -4.4251191e-01  -6.1919432e-01  -1.4117107e+00   4.8884574e-01   8.7636805e-01  -8.4695037e-01   1.4644533e+00  -7.4808217e-01
   2.0000000e+00   6.7872972e-01  -3.2288958e-02   1.4831759e+00  -9.4109136e-01  -2.4286083e+00  -1.5191502e-01  -3.7372904e-01   1.5804843e-01   1.5111306e-01   3.8285311e-01
   1.0000000e+00   6.2589217e-01  -2.4672694e-02   1.6224236e-01   8.4488077e-01   9.4424585e-01   1.3382822e-01  -1.3774333e+00  -2.6708041e+00   5.6092592e-01   1.0896382e+00
   2.0000000e+00  -2.0573196e+00   5.5368019e-01   2.5577802e-01   9.3227797e-01  -1.1052568e-01   2.5137008e-01  -2.8549796e+00  -4.7008100e-01  -8.0200444e-01  -6.7156793e-02
   2.0000000e+00   4.3174720e-01   7.0579606e-01   1.3568102e+00  -2.7012360e-01   1.6751784e+00  -8.6274948e-01   5.7726803e-02  -2.1664568e+00   1.9933205e-01  -2.6898190e-01
   2.0000000e+00   7.1782176e-01  -7.7434049e-01  -1.9256704e-02   3.1495476e-01  -1.7412991e+00  -5.0493527e-02  -2.6679175e+00   7.8710078e-01  -5.5767521e-01  -3.5974325e-01
   2.0000000e+00  -8.1170725e-01  -6.4102320e-02  -1.2535347e+00   1.5616856e+00  -8.7117742e-02   1.7710785e+00  -2.1582965e-01   4.8995792e-01  -2.4012091e-02   1.7608974e-01
   2.0000000e+00  -9.1903490e-01   1.8101156e+00  -7.8184241e-01   8.3208364e-01   6.1962837e-02  -2.5890310e-01  -5.3110025e-01   2.0522741e+00   5.3504635e-01   2.1271660e-01
   1.0000000e+00   1.5810725e+00  -8.2871639e-01   8.5506713e-01   2.2073161e+00  -1.3079048e+00   1.3090412e-01   5.8523979e-01  -1.1835536e+00  -3.5609451e-01  -1.2195790e+00
   2.0000000e+00   4.4023861e-01   1.3237734e+00  -2.4122217e+00  -6.0198383e-01   7.9904747e-01   8.0969126e-01  -1.9907674e-01  -4.6145488e-01   2.4076698e+00  -5.7897108e-01
